EDID BYTES: Written by EEditZ  03.12.2017 15:10:54
0x     00 01 02 03 04 05 06 07 08 09 0A 0B 0C 0D 0E 0F
      ------------------------------------------------
0000 | 00 FF FF FF FF FF FF 00 41 C3 01 00 01 00 00 00
0010 | 31 1B 01 04 A1 0F 09 00 02 00 00 00 00 00 00 00
0020 | 00 00 00 00 00 00 01 01 01 01 01 01 01 01 01 01
0030 | 01 01 01 01 01 01 A0 0F 20 00 31 E0 94 10 28 80
0040 | F4 0C 98 56 00 00 00 1E 00 00 00 FC 00 44 53 4F
0050 | 31 30 30 0A 20 20 20 20 20 20 00 00 00 10 00 00
0060 | 00 00 00 00 00 00 00 00 00 00 00 00 00 00 00 10
0070 | 00 00 00 00 00 00 00 00 00 00 00 00 00 00 00 4F
